3.28
3.29
3.29
3.26
3.26
3.27
3.26
3.24
3.25
3.23
3.22
3.18
3.26
3.45
3.71
3.91
4.12
4.25
4.34
4.36
4.40
4.37
4.36
4.24
4.22
4.01
3.94
3.87
3.76
3.69
3.63
3.57
3.55
3.54
3.48
3.46
3.43
3.39
3.41
3.39
3.37
3.37
3.34
3.33
3.36
3.31
3.30
3.25
3.29
3.29
3.26
3.29
3.25
3.25
3.23
3.23
3.23
3.21
3.19
3.18
3.20
3.17
3.16
3.18
3.15
3.15
3.16
3.14
3.11
3.12
3.11
3.11
3.08
3.10
3.10
3.07
3.07
3.05
3.05
3.07
3.02
3.08
3.04
3.03
3.03
3.03
3.00
3.02
3.01
2.99
2.99
3.00
2.99
2.98
2.99
2.97
2.97
2.95
2.95
2.96
2.93
2.93
2.96
2.94
2.92
2.92
2.87
2.92
2.91
2.88
2.91
2.87
2.89
2.92
2.85
2.87
2.84
2.87
2.86
2.85
2.85
2.88
2.84
2.84
2.84
2.81
2.81
2.82
2.85
2.81
2.81
2.81
2.79
2.79
2.80
2.80
2.78
2.82
2.78
2.75
2.78
2.75
2.77
2.80
2.70
2.76
2.76
2.85
2.75
2.76
2.74
2.79
2.69
2.62
2.74
2.73
2.71
2.71
2.71
2.77
2.66
2.71
2.72
2.72
2.71
2.66
2.83
2.76
2.72
2.70
2.59
2.73
2.75
2.70
2.80
2.68
2.71
2.72
2.70
2.72
2.68
2.59
2.84
2.68
2.69
2.69
2.68
2.70
2.64
2.68
2.71
2.66
2.69
2.68
2.67
2.76
2.63
2.67
2.68
2.68
2.66
2.66
2.67
2.61
2.68
2.71
2.62
2.67
2.69
2.68
2.69
2.51
2.72
2.65
2.70
2.67
2.68
2.67
2.68
2.65
2.67
2.67
2.67
2.67
2.66
2.67
2.70
2.68
2.66
2.68
2.68
2.70
2.68
2.66
2.66
2.69
2.69
2.68
2.72
2.71
2.68
2.69
2.69
2.74
2.68
2.66
2.69
2.75
2.67
2.71
2.75
2.70
2.72
2.69
2.76
2.68
2.70
2.73
2.73
2.75
2.78
2.70
2.74
2.73
2.75
2.75
2.73
2.78
2.69
2.76
2.76
2.75
2.78
2.80
2.79
2.89
2.77
2.88
2.83
2.80
2.73
2.83
2.81
2.83
2.77
2.79
2.85
2.82
2.85
2.79
2.87
2.81
2.81
2.83
2.76
2.80
2.79
2.81
2.79
2.79
2.81
2.76
2.82
2.82
2.79
2.75
2.77
2.83
2.85
2.81
2.82
2.86
2.82
2.84
2.79
2.87
2.86
2.80
2.83
2.85
2.72
2.76
2.85
2.86
2.85
2.83
2.88
2.78
2.85
2.93
2.84
2.85
2.82
2.84
2.88
2.84
2.84
2.95
2.85
2.84
2.84
2.83
2.88
2.86
2.88
2.77
2.87
2.84
2.85
2.79
2.73
2.74
2.95
2.87
2.88
2.80
2.84
2.84
2.85
2.87
2.73
2.86
2.83
2.85
2.83
2.84
2.85
2.78
2.83
2.86
2.86
2.86
2.86
2.86
2.78
2.86
2.83
2.78
2.91
2.69
2.96
2.90
2.83
2.85
2.89
2.83
2.93
2.88
2.86
2.79
2.86
2.87
2.85
2.87
2.87
2.89
2.83
2.86
2.92
2.82
2.87
2.90
2.82
2.87
2.89
2.83
2.83
2.88
2.86
2.85
2.87
2.88
2.86
2.81
2.87
2.91
2.85
2.87
2.90
2.82
2.93
2.92
2.77
2.86
2.91
2.86
2.86
2.85
2.87
2.87
2.90
2.86
2.87
2.86
2.86
2.87
2.84
2.88
2.87
2.90
2.84
2.86
2.89
2.78
2.83
2.83
2.84
2.82
2.81
2.88
2.81
2.83
2.82
2.80
2.86
2.91
2.81
2.83
2.78
2.82
2.82
2.81
2.84
2.92
2.81
2.84
3.01
2.83
2.86
2.86
2.84
2.83
2.84
2.84
2.85
2.83
2.83
2.84
2.83
2.83
2.83
2.76
2.83
2.69
2.82
2.90
2.78
2.83
2.86
2.79
2.81
2.77
2.84
2.82
2.84
2.82
2.82
2.80
2.78
2.91
2.78
2.82
2.81
2.81
2.80
2.79
2.77
2.82
2.79
2.82
2.80
2.80
2.80
2.79
2.82
2.92
2.83
2.82
2.77
2.78
2.84
2.76
2.84
2.88
2.82
2.85
2.87
2.85
2.84
2.86
2.85
2.90
2.89
2.89
2.88
2.83
2.91
2.85
2.82
2.87
2.86
2.90
2.92
2.89
2.91
2.87
2.90
2.90
2.90
2.90
2.89
2.88
2.91
2.89
2.91
2.84
2.83
2.92
2.87
2.91
2.97
2.88
2.91
2.91
2.91
2.92
2.88
2.91
2.93
2.88
2.91
2.89
2.90
2.92
2.89
2.84
2.93
2.88
2.97
2.91
2.92
2.96
2.88
2.92
2.94
2.84
2.90
2.92
2.95
2.94
2.90
2.92
2.83
2.92
2.94
2.91
3.00
2.90
2.93
2.97
2.90
2.92
2.94
2.91
2.86
2.92
2.84
2.96
2.90
2.97
2.84
2.92
2.93
2.90
3.01
2.95
2.92
2.93
2.91
2.85
2.96
2.83
2.86
2.92
2.92
2.92
2.96
2.92
2.99
2.92
2.93
2.99
2.87
2.96
2.94
3.01
2.90
2.92
2.96
2.90
2.96
2.91
2.93
2.95
2.93
2.97
2.91
2.89
2.96
2.94
2.93
2.93
2.95
2.96
2.92
2.93
2.97
2.94
3.03
2.92
2.94
2.94
2.94
2.95
2.93
2.91
2.93
2.93
2.91
2.92
2.92
2.92
2.93
2.95
2.88
2.91
2.95
2.87
2.90
2.92
2.90
2.94
2.93
2.89
2.91
2.80
2.94
2.86
2.89
2.92
2.80
2.87
2.92
2.89
2.90
2.87
2.89
2.95
2.86
2.88
2.88
2.89
2.89
2.76
2.79
2.89
2.85
2.87
2.85
2.95
2.89
2.81
2.85
2.83
2.85
2.93
2.86
2.84
2.77
2.85
2.86
2.82
2.93
2.84
2.92
2.80
2.81
2.85
2.86
2.85
2.87
2.82
2.84
2.87
2.83
2.84
2.89
2.83
2.79
2.81
2.83
2.91
2.83
2.96
2.80
2.86
2.89
2.84
2.84
2.80
2.84
2.86
2.84
2.83
2.89
2.83
2.86
2.77
2.75
2.82
2.83
2.87
2.80
2.82
2.86
2.82
2.87
2.76
2.86
2.86
2.76
2.84
2.81
2.82
2.85
2.82
2.73
2.72
2.83
2.85
2.83
2.82
2.73
2.82
2.84
2.80
2.81
2.82
2.82
2.88
2.80
2.82
2.82
2.74
2.80
2.72
2.85
2.89
2.79
2.79
2.80
2.80
2.78
2.77
2.83
2.83
2.78
2.88
2.81
2.80
2.81
